xi,tau,p_out,inv_s,err_inv_s,inv_f,err_inv_f,eff,err_eff
8.195800663084905346e-02,3.493046012721832787e-03,0.000000000000000000e+00,2.323292205233134118e-07,4.396896127513422528e-03,1.256092366941814002e-06,2.957311569312848828e-03,8.668366893941348295e-04,5.094092086633054614e-03
8.437799330398485509e-01,3.442590798825183231e-03,0.000000000000000000e+00,1.717151880844064558e-07,8.159848278819338205e-03,1.255363775152581413e-06,6.940132512626863599e-03,2.026012681203170906e-03,8.644487458281387843e-03
8.705516134615882251e+00,3.389243233078834995e-03,0.000000000000000000e+00,8.216248694550371122e-08,4.336713819540391132e-03,1.254710024843666386e-06,1.064800078800214045e-02,3.065540271507294356e-03,4.699754109509323916e-03
8.772332742091374769e+01,3.376311062747148952e-03,0.000000000000000000e+00,2.825036293411184292e-08,2.918657370689395586e-04,1.254541616322483649e-06,1.167169840558971404e-02,3.333170128488216477e-03,5.795101061059514851e-04
3.213759927574312558e-02,5.578189763694197528e-02,0.000000000000000000e+00,2.444601065906620350e-07,5.119979647316660106e-04,1.250901413965744722e-06,3.779095701056638633e-03,9.120978799338042009e-03,9.400198325389501602e-04
3.232059192190082642e-01,5.562376058025594178e-02,0.000000000000000000e+00,2.009139025678297751e-07,1.285490667916149498e-03,1.241704687440609456e-06,9.969557816064391828e-03,2.370518991205095016e-02,1.672573257263741241e-03
3.259489321638349590e+00,5.538921608701229821e-02,0.000000000000000000e+00,1.169340987833331496e-07,1.005772720375241059e-03,1.229053590491418033e-06,1.883550230353975286e-02,4.362893605820039600e-02,1.328597394213421826e-03
3.270885705085029116e+01,5.529263864602719514e-02,0.000000000000000000e+00,4.434368134420925270e-08,2.623152168160780020e-04,1.223477267786237614e-06,2.296344953744849232e-02,5.231969387031643048e-02,1.715264900036980757e-05
1.270598904195159931e-02,8.871473544366751396e-01,0.000000000000000000e+00,2.470218581023393291e-07,1.847355695924540056e-05,1.198234288240989232e-06,5.146173065127191380e-03,9.216559552995662319e-02,4.215625647632330873e-04
1.268851272518152495e-01,8.877580932059778718e-01,0.000000000000000000e+00,2.071970785689719003e-07,6.550467964496015311e-04,1.098780438788806788e-06,1.501176483614202230e-02,2.444652178831393519e-01,1.036119861778360754e-03
1.231013067123228444e+00,9.012985419890205963e-01,0.000000000000000000e+00,1.258910166850078039e-07,8.949176923055131988e-03,9.376028081239036089e-07,3.151176779865713651e-02,4.697082522890940748e-01,9.278430771625852461e-03
1.152878073487032573e+01,9.313401168006921749e-01,0.000000000000000000e+00,4.971374097902695915e-08,3.257487057500336319e-02,8.371629482206160443e-07,2.938512754201095742e-02,5.865565578511828804e-01,3.283401974032152532e-02
8.187906046481535638e-02,3.494729569847056933e-03,1.666666666666666774e-03,3.842784418894445817e-07,1.481212834882921024e-03,1.256313454960279387e-06,1.754763185243897808e-03,5.149954549044100105e-04,5.052938597494447022e-03
8.404796930795488397e-01,3.449343040861117555e-03,1.666666666666666774e-03,3.512713459740460705e-07,2.147918670242094860e-03,1.255858337332087393e-06,4.233186592187333785e-03,1.239118435505282001e-03,7.816865971996992540e-03
8.657134627424063922e+00,3.398700648243184116e-03,1.666666666666666774e-03,3.024590734533859214e-07,8.121302584402754652e-04,1.255318815962212947e-06,7.245481828686901882e-03,2.097216270849799891e-03,4.860473097526762411e-03
8.757567763194383303e+01,3.379156040300673302e-03,1.666666666666666774e-03,2.679938855165867769e-07,3.633132700562920762e-05,1.255024261539307435e-06,8.945360627141893395e-03,2.565542673187204414e-03,8.714805158332693258e-04
3.212347381200091057e-02,5.579416060975406211e-02,1.666666666666666774e-03,3.911524612639350285e-07,1.843498807552205391e-04,1.253237376039206589e-06,2.232365555692379742e-03,5.406429054660044642e-03,9.507772389868045021e-04
3.229984693092350923e-01,5.564162024990424588e-02,1.666666666666666774e-03,3.669197513463319754e-07,3.776329529429741836e-04,1.247670751794836473e-06,5.934748777047732689e-03,1.423748974472116569e-02,1.559744485023865966e-03
3.255001321194318731e+00,5.542738829846889648e-02,1.666666666666666774e-03,3.218810696800694467e-07,2.066073311586679882e-04,1.238813985447212343e-06,1.198955187074170550e-02,2.821864632887016722e-02,1.255781010282946888e-03
3.269056457581999808e+01,5.530810637766706700e-02,1.666666666666666774e-03,2.790194700681601618e-07,3.720019068912724513e-05,1.232154774114269494e-06,1.671981932530471060e-02,3.866416193361543741e-02,2.709130881273776349e-05
1.269896025604931415e-02,8.873928354089417603e-01,1.666666666666666774e-03,3.926265280785857524e-07,8.804843798563148817e-06,1.222038989026030581e-06,2.983142226482712184e-03,5.461427525996531696e-02,4.328788092372339567e-04
1.269353899718880796e-01,8.875823126195563351e-01,1.666666666666666774e-03,3.704042009412020173e-07,1.711321771078467267e-04,1.162287249228081290e-06,8.455623733614884771e-03,1.464860882771994444e-01,9.066058250321923015e-04
1.246728570571280947e+00,8.955999155677982770e-01,1.666666666666666774e-03,3.268660940643205391e-07,1.238761809307939790e-03,1.055256696345275319e-06,1.852287441236667720e-02,3.007859404619087629e-01,5.415123614027888416e-03
1.187912717984324829e+01,9.175035092495014144e-01,1.666666666666666774e-03,2.824660596530716786e-07,2.654041105093732540e-03,9.572015766669058004e-07,2.325030222101406169e-02,4.273068294659396749e-01,2.143013599545493322e-02
8.183611201889662290e-02,3.495646484842005342e-03,3.333333333333333547e-03,4.469859263743930089e-07,8.917261507066762171e-04,1.256405575794214885e-06,1.254567675223164109e-03,3.683926451297780957e-04,5.180034537687731172e-03
8.393007433910473214e-01,3.451764803779962254e-03,3.333333333333333547e-03,4.241075618714636512e-07,1.235571953996261740e-03,1.256074588044929662e-06,3.053645788898838413e-03,8.950253134020202950e-04,7.636654694708982713e-03
8.639329538320616564e+00,3.402201094705418517e-03,3.333333333333333547e-03,3.902361347884042756e-07,4.797435779706322686e-04,1.255652395721826975e-06,5.397679962898454392e-03,1.566551746924549349e-03,5.015367867242382684e-03
8.750346535038735851e+01,3.380550077916727719e-03,3.333333333333333547e-03,3.651254574381088650e-07,2.749262858649450476e-05,1.255385369423005557e-06,6.923052812756037670e-03,1.991142942371793012e-03,1.078713365870630258e-03
3.211104288195086587e-02,5.580495917208505574e-02,3.333333333333333547e-03,4.518135769237091975e-07,1.148852681128573232e-04,1.254207286801133245e-06,1.593195804663994014e-03,3.864049494377463922e-03,9.760762519507444309e-04
3.228967228989643723e-01,5.565038603910548581e-02,3.333333333333333547e-03,4.348993542658539389e-07,2.218475800745673245e-04,1.250199132574244649e-06,4.245541832998470794e-03,1.022354226399679877e-02,1.538162738380784720e-03
3.253310294169263095e+00,5.544179163329324145e-02,3.333333333333333547e-03,4.038098564786352579e-07,1.193964239133688243e-04,1.243547679648808483e-06,8.742007594754878583e-03,2.072996865892573481e-02,1.262581104902365907e-03
3.268109347795930120e+01,5.531612004070440153e-02,3.333333333333333547e-03,3.733297118827167834e-07,1.924003081732699781e-05,1.237905434221695051e-06,1.267812675642248851e-02,2.959136730803046955e-02,8.555769327542639999e-05
1.269207707618588872e-02,8.876334286762154191e-01,3.333333333333333547e-03,4.528547202302232417e-07,7.903515314104130925e-06,1.231914884258739561e-06,2.112591118490446656e-03,3.902895284630081285e-02,4.470899768358751157e-04
1.269330797355875118e-01,8.875903897715193835e-01,3.333333333333333547e-03,4.373281881807627641e-07,9.695490110371122745e-05,1.189001008301940164e-06,5.916196307900231655e-03,1.051011262315005856e-01,8.778421326366821166e-04
1.250359812238744039e+00,8.942984884445085436e-01,3.333333333333333547e-03,4.072916902400003061e-07,6.062417870318021276e-04,1.109744082891590236e-06,1.294663948259131003e-02,2.202906536485184086e-01,4.584064370373845849e-03
1.197500469745187601e+01,9.138231455365114497e-01,3.333333333333333547e-03,3.758467806280693583e-07,1.308702684281385807e-03,1.029848466192057013e-06,1.717639779937769201e-02,3.256117635895408036e-01,1.849666288424471616e-02
8.178720022369842524e-02,3.496691592079255971e-03,5.000000000000000104e-03,4.950189571980163680e-07,5.518934520858961943e-04,1.256476459588359678e-06,8.700345930775143979e-04,2.555865160356329824e-04,5.459042201135821427e-03
8.384027805808254019e-01,3.453612797967374470e-03,5.000000000000000104e-03,4.795031885619523053e-07,7.444435039698738769e-04,1.256244179618190053e-06,2.130676523253905667e-03,6.251699294383961103e-04,7.604174727465157560e-03
8.626257246013661728e+00,3.404777978828741909e-03,5.000000000000000104e-03,4.565088802083764212e-07,2.983495248579751146e-04,1.255933699862745059e-06,3.847179531333905743e-03,1.119027057479238252e-03,5.181473944030334615e-03
8.744412085438446525e+01,3.381696999017148961e-03,5.000000000000000104e-03,4.388937125843958765e-07,2.062923345816547363e-05,1.255719071895577612e-06,5.064564201568872402e-03,1.460316876471745573e-03,1.283693954254087020e-03
3.209252751704336909e-02,5.582105482231450311e-02,5.000000000000000104e-03,4.983227853962338823e-07,7.432073487119520696e-05,1.254952394647190929e-06,1.103367120840325656e-03,2.679133317985749052e-03,1.022827101901053375e-03
3.227888680745411576e-01,5.565968261329159311e-02,5.000000000000000104e-03,4.867969013162738700e-07,1.364647631777046125e-04,1.252158612280777080e-06,2.944858191896611733e-03,7.112261175836742666e-03,1.542387989215520793e-03
3.251949055613875483e+00,5.545339415334935018e-02,5.000000000000000104e-03,4.657672128523843086e-07,7.379521944056312668e-05,1.247391889616421264e-06,6.138700829797216589e-03,1.464461970934427537e-02,1.285852735318318910e-03
3.267269598423298049e+01,5.532322822252833117e-02,5.000000000000000104e-03,4.447309335308182721e-07,1.001214463030766919e-05,1.243036356871631798e-06,9.132700827573520669e-03,2.149031939612588982e-02,1.475343420725765099e-04
1.268141299311621208e-02,8.880065656231926896e-01,5.000000000000000104e-03,4.990382343226227795e-07,7.776149792891499807e-06,1.239498834824965999e-06,1.454373036303101057e-03,2.705827221463785737e-02,4.706681803753759723e-04
1.269092041465322285e-01,8.876738775962382810e-01,5.000000000000000104e-03,4.884503407515279961e-07,5.899165706467541961e-05,1.209640199907080229e-06,4.035328325759005193e-03,7.307345215914251568e-02,8.718709891982372780e-04
1.252462924946482037e+00,8.935473281916629373e-01,5.000000000000000104e-03,4.681413695766338765e-07,3.288935804475765293e-04,1.153350621673184693e-06,8.790774967879241494e-03,1.553043430912355305e-01,4.107948168042743937e-03
1.203575430956197501e+01,9.115139994375466292e-01,5.000000000000000104e-03,4.465000800983425967e-07,7.180140104249923584e-04,1.093083561820688467e-06,1.199168142409116379e-02,2.357767894812365927e-01,1.668268486857134650e-02
