zeta,tau,p_out,inv_s,err_inv_s,inv_f,err_inv_f,eff,err_eff
1.859779507864659388e-03,5.376981495769720537e-02,0.000000000000000000e+00,2.675087145397635896e-02,2.427078424380367619e-05,6.282871741532778959e-04,4.274453017505954421e-05,9.980938599696287383e-05,3.049174367118974091e-03
8.632914188567828231e-03,5.376618754950012596e-02,0.000000000000000000e+00,2.656644787824708615e-02,1.123244051242240887e-04,6.281739811535792719e-04,1.971744890178965634e-04,4.600802665395420377e-04,4.039102916156496297e-03
4.008261842748071097e-02,5.374984905064986856e-02,0.000000000000000000e+00,2.574239732274574352e-02,5.142510675043836677e-04,6.276682280253334870e-04,8.896550100623640744e-04,2.069263379613217602e-03,6.083161859524253111e-03
1.862731757322916293e-01,5.368459500777399140e-02,0.000000000000000000e+00,2.249845143949353796e-02,2.231201498115576928e-03,6.256776688453284533e-04,3.656602567194018865e-03,8.394330733937138689e-03,8.759801858915295877e-03
9.008736286547294400e-03,3.449132494414193506e-02,0.000000000000000000e+00,2.655857415660192733e-02,7.560655594104408357e-03,6.282217956103824680e-04,4.796440762123547498e-05,3.079016076603657837e-04,6.632182864803455764e-03
2.585837834560754042e-02,5.577494269095975565e-02,0.000000000000000000e+00,2.610801720579072199e-02,1.905200426464161503e-02,6.278770625636589985e-04,2.295708725053211246e-04,1.404907587303605432e-03,2.040301130554237480e-02
2.770949649965928976e-02,2.415897200046211168e-01,0.000000000000000000e+00,2.599456100749122228e-02,3.134109676279393970e-03,6.262765853162575308e-04,9.709817944089639509e-04,6.492665397836883123e-03,1.289696179601445159e-03
7.827449630700408778e-02,3.969661451115353845e-01,0.000000000000000000e+00,2.450161855480611009e-02,5.976110584720950580e-02,6.193518305136180282e-04,3.307789683395810643e-03,2.840546973200808178e-02,5.754511798399610661e-02
1.128525046834616711e-03,8.555320835046748007e-01,0.000000000000000000e+00,2.675884195374786736e-02,2.469247053257203582e-05,6.280156525707761674e-04,5.389356556827075130e-05,9.639361486638575727e-04,3.706750944402031596e-04
5.238954722580010243e-03,8.554005491290482821e-01,0.000000000000000000e+00,2.660293462346696378e-02,1.132374055374414646e-04,6.269200721515835305e-04,2.489968563918678744e-04,4.448126877289015901e-03,2.635565721790641340e-04
2.433326641881230004e-02,8.548313190882442791e-01,0.000000000000000000e+00,2.590139704689409933e-02,4.979424639914256006e-04,6.219819538903248761e-04,1.131632623940422369e-03,2.010191699025709600e-02,4.247701327508595948e-05
1.131967097564108293e-01,8.529306078624345755e-01,0.000000000000000000e+00,2.306201752155898066e-02,1.872667788278449194e-03,6.018420520960363626e-04,4.797161699541786783e-03,8.307651126523130092e-02,1.260535374523040313e-03
9.721926891012857772e-04,3.085808023071300976e+00,0.000000000000000000e+00,2.673584355297477233e-02,1.367150568664030775e-05,6.273779082455284081e-04,6.872913082885543832e-05,2.992599475186707991e-03,6.069324263732134715e-06
4.513156807779012021e-03,3.085371746188204423e+00,0.000000000000000000e+00,2.649746084116255326e-02,6.243305952874216860e-05,6.239836443078951691e-04,3.176711777058897185e-04,1.376656627445460579e-02,1.777035614315190348e-04
2.095625860412298966e-02,3.084187970854693983e+00,0.000000000000000000e+00,2.543812688082580653e-02,2.739632618799251948e-04,6.088433722742692166e-04,1.446447228176623656e-03,6.134415191463482575e-02,1.859502879084864939e-05
9.696951752403910885e-02,3.093755725098134679e+00,0.000000000000000000e+00,2.137661660606555644e-02,1.358296206026811869e-03,5.497267184942006063e-04,6.128376405467196759e-03,2.392729876273563816e-01,1.044148010777005324e-03
1.859779538862925624e-03,5.376981406147752357e-02,1.666666666666666430e+01,4.045483065308999593e-02,9.497110000528319806e-06,6.282999754171274091e-04,2.529319032537108756e-05,5.906237478961543088e-05,9.256646757373353587e-03
8.632914245280150570e-03,5.376618719629318310e-02,1.666666666666666430e+01,4.034569768647945642e-02,4.376734082849218849e-05,6.282329932662146640e-04,1.166579837496984061e-04,2.722532842333737864e-04,2.708852803573701812e-03
4.008261843892663157e-02,5.374984903530115321e-02,1.666666666666666430e+01,3.985806436223360283e-02,1.965384480038301406e-04,6.279337129878840174e-04,5.260411138774143212e-04,1.224490142353178027e-03,5.787395626419737996e-03
1.862731757483462591e-01,5.368459500314700511e-02,1.666666666666666430e+01,3.793845384016444194e-02,7.829811705713318835e-04,6.267557961902017662e-04,2.156850928257447557e-03,4.967359562152092421e-03,8.686893039364634167e-03
9.006727295265720690e-03,3.449901839025515393e-02,1.666666666666666430e+01,4.034106968593717535e-02,2.944706100920498146e-03,6.282612874387217715e-04,2.838049484954318429e-05,1.822016654195215935e-04,4.642472092307650157e-03
2.585770398677034523e-02,5.577639727971663020e-02,1.666666666666666430e+01,4.007443070197079515e-02,7.344660840291477276e-03,6.280572910113075072e-04,1.357969617965112616e-04,8.313570126444581963e-04,1.996671032698700554e-02
2.770963438771844103e-02,2.415885178112923970e-01,1.666666666666666430e+01,4.000728059679610482e-02,1.202656415138676337e-03,6.271102061974927330e-04,5.735887939029057480e-04,3.842045334804929969e-03,1.384076465677993488e-03
7.827449012849546639e-02,3.969661764456104969e-01,1.666666666666666430e+01,3.912383148720385839e-02,2.134399186828401379e-02,6.230124705130289740e-04,1.943242593969601558e-03,1.680898536902711293e-02,5.756922106445068466e-02
1.128525059264275576e-03,8.555320740817811132e-01,1.666666666666666430e+01,4.045954721024890011e-02,9.663700079631836053e-06,6.281393020566164789e-04,3.188462336329031608e-05,5.704108638484881120e-04,1.006471310546857428e-03
5.238954725683167730e-03,8.554005486223743571e-01,1.666666666666666430e+01,4.036728878117397390e-02,4.415697646256631735e-05,6.274909904705972203e-04,1.471952670154860049e-04,2.632186683861333348e-03,1.259656982642374645e-04
2.433326641425469575e-02,8.548313192483536493e-01,1.666666666666666430e+01,3.995215272104913479e-02,1.909714302246066843e-04,6.245688505475836859e-04,6.665621412529415188e-04,1.189534374399058361e-02,1.203100392306924878e-05
1.131967097891099505e-01,8.529306076160484418e-01,1.666666666666666430e+01,3.827194503245893303e-02,6.669511809292666231e-04,6.126510292313861643e-04,2.783055239637231924e-03,4.916066756211642796e-02,1.267921069983925534e-03
9.721926992709313932e-04,3.085807990792130084e+00,1.666666666666666430e+01,4.044593786731082857e-02,5.347736245727302867e-06,6.277619157618680385e-04,4.064454294841727020e-05,1.770875855380680012e-03,2.106323249570555525e-04
4.513156825823642915e-03,3.085371733852183773e+00,1.666666666666666430e+01,4.030487448995286742e-02,2.428754955879529402e-05,6.257533542742048588e-04,1.874263800957429432e-04,8.146389127205720324e-03,1.332425786612556542e-04
2.095625864464304572e-02,3.084187964891250466e+00,1.666666666666666430e+01,3.967801180765490737e-02,1.039185335923924289e-04,6.167940724158666420e-04,8.443962689451578896e-04,3.630050676413410643e-02,8.616691398369295720e-06
9.696951741203699293e-02,3.093755728671496286e+00,1.666666666666666430e+01,3.727460616096864299e-02,4.605431207104674447e-04,5.818116914746717955e-04,3.417255958415983848e-03,1.415901994868768443e-01,1.046711680632466052e-03
1.859779569839176269e-03,5.376981316589438120e-02,3.333333333333332860e+01,4.613119641156365747e-02,5.948515513857447787e-06,6.283052778742224476e-04,1.806500062117400118e-05,4.218441012133737774e-05,1.541508965806116446e-02
8.632914283413277434e-03,5.376618695879831211e-02,3.333333333333332860e+01,4.605324983657036603e-02,2.738598622580406587e-05,6.282574368835283900e-04,8.331518162669669886e-05,1.944528007858494292e-04,1.405156001196097978e-03
4.008261847336997558e-02,5.374984898911344677e-02,3.333333333333332860e+01,4.570496509168963523e-02,1.224169214889400865e-04,6.280436804599801416e-04,3.755946544773431793e-04,8.745736103307205503e-04,5.497532429672642371e-03
1.862731759229859507e-01,5.368459495281521776e-02,3.333333333333332860e+01,4.433391223632706518e-02,4.785595324245031233e-04,6.272023711585632917e-04,1.538451466274559252e-03,3.547861624463867578e-03,8.615439714886480652e-03
9.004164749961345027e-03,3.450883665769433756e-02,3.333333333333332860e+01,4.604997286091321029e-02,1.841853738199601340e-03,6.282776454656036026e-04,2.026947991635864906e-05,1.301351211088398350e-04,2.691892793192590585e-03
2.585651344660793230e-02,5.577896545431655639e-02,3.333333333333332860e+01,4.585951428286166864e-02,4.583785584959477501e-03,6.281319439823513599e-04,9.697529092847537418e-05,5.937848922650985906e-04,1.953859165704946096e-02
2.770970814966897816e-02,2.415878747139272309e-01,3.333333333333332860e+01,4.581153975039183035e-02,7.497912378123184262e-04,6.274555032209518492e-04,4.093845943931749207e-04,2.744122719342189862e-03,1.476650200545431965e-03
7.827449037533833198e-02,3.969661751937559879e-01,3.333333333333332860e+01,4.518055033605432314e-02,1.309436506668139842e-02,6.245287572696884247e-04,1.383788864103862410e-03,1.200556420087192308e-02,5.759283823498109051e-02
1.128525066587270217e-03,8.555320685302365558e-01,3.333333333333332860e+01,4.613456514162284083e-02,6.053092646021575111e-06,6.281905193505930634e-04,2.277104518591595864e-05,4.074073537431444070e-04,1.630354210928153290e-03
5.238954731884295883e-03,8.554005476098730520e-01,3.333333333333332860e+01,4.606867095056743633e-02,2.763484610535969842e-05,6.277274725813363843e-04,1.050879635493728501e-04,1.879999627279231632e-03,8.879274017944747442e-06
2.433326641746219599e-02,8.548313191356735619e-01,3.333333333333332860e+01,4.577216628279368038e-02,1.190465885044120708e-04,6.256403782274960962e-04,4.751756708601092075e-04,8.496069804715724802e-03,1.780739877701138251e-05
1.131967098673048594e-01,8.529306070268544149e-01,3.333333333333332860e+01,4.457210328979853420e-02,4.089220416601801740e-04,6.171282541566797423e-04,1.971737619055842494e-03,3.511226511956675594e-02,1.275159476420903264e-03
9.721927084413303170e-04,3.085807961684639888e+00,3.333333333333332860e+01,4.612484487373205710e-02,3.349261374013444236e-06,6.279209768831995686e-04,2.902204857238221825e-05,1.264821362586529118e-03,4.111932650001371412e-04
4.513156839272038090e-03,3.085371724658330983e+00,3.333333333333332860e+01,4.602409248462409341e-02,1.519122409778770759e-05,6.264863921437103991e-04,1.337026295320462314e-04,5.818435529900291454e-03,8.967033394324524923e-05
2.095625868096631650e-02,3.084187959545458657e+00,3.333333333333332860e+01,4.557636527101428803e-02,6.461405671277556362e-05,6.200873602448505120e-04,5.997475585109150091e-04,2.592708929162080081e-02,1.162494926155372211e-06
9.696951744060824940e-02,3.093755727759947227e+00,3.333333333333332860e+01,4.385976904808463334e-02,2.794984800050051305e-04,5.951017224353814892e-04,2.383758575870070957e-03,1.011286638175837721e-01,1.049224080936897018e-03
1.859779599449089531e-03,5.376981230981469490e-02,4.999999999999999289e+01,5.048682505182414820e-02,3.766638281843125077e-06,6.283093465926308614e-04,1.251877425036760963e-05,2.923349232974582537e-05,2.511222258386306208e-02
8.632914340117826477e-03,5.376618660563978885e-02,4.999999999999999289e+01,5.043280863665105390e-02,1.733023648074687880e-05,6.282761931307983411e-04,5.773361749716654284e-05,1.347543901590916437e-04,6.163125769009061058e-04
4.008261853221775639e-02,5.374984891019995298e-02,4.999999999999999289e+01,5.019144981739564332e-02,7.725095783837559820e-05,6.281280614691311503e-04,2.602194052226582273e-04,6.060732117667478507e-04,5.048161683611142314e-03
1.862731759349946226e-01,5.368459494935427095e-02,4.999999999999999289e+01,4.924132006563047836e-02,2.985871170194077332e-04,6.275450401837746797e-04,1.065049960751446919e-03,2.458642548029200178e-03,8.504666892483175172e-03
9.000027664275966552e-03,3.452469949939673821e-02,4.999999999999999289e+01,5.043056960641639774e-02,1.164886669688332526e-03,6.282901974164149111e-04,1.404604788642834893e-05,9.018307118391907047e-05,3.323032735237841815e-04
2.585536083215842981e-02,5.578145204276443309e-02,4.999999999999999289e+01,5.029855987969699543e-02,2.896018406370857740e-03,6.281892273090881364e-04,6.719481406765536152e-05,4.114891149057684026e-04,1.887557891577024138e-02
2.770966349974413392e-02,2.415882639961879075e-01,4.999999999999999289e+01,5.026530561827742549e-02,4.734364763852080132e-04,6.277204588535884944e-04,2.835451129594584205e-04,1.901657359042213885e-03,1.620354510968023383e-03
7.827448698667903437e-02,3.969661923792167646e-01,4.999999999999999289e+01,4.982803419211799534e-02,8.188090131319498977e-03,6.256922450104902616e-04,9.567643306645576143e-04,8.319769532598698947e-03,5.762945716813895614e-02
1.128525081154397669e-03,8.555320574869335060e-01,4.999999999999999289e+01,5.048915955760542584e-02,3.832949814307903929e-06,6.282298197625356363e-04,1.577907305145321177e-05,2.823303613031422055e-04,2.599080089372255830e-03
5.238954753248260300e-03,8.554005441216300243e-01,4.999999999999999289e+01,5.044349535783420463e-02,1.748967473923632090e-05,6.279089316870864685e-04,7.280180013235449331e-05,1.302826198740139564e-03,2.179749275644588728e-04
2.433326642589907565e-02,8.548313188392848705e-01,4.999999999999999289e+01,5.023801975909841788e-02,7.516151999186778234e-05,6.264625903346669397e-04,3.288130162178249456e-04,5.887715171556909266e-03,6.406876456988859882e-05
1.131967098858523701e-01,8.529306068870998736e-01,4.999999999999999289e+01,4.940638474979010264e-02,2.556128744240219108e-04,6.205637496724143980e-04,1.358003125849946121e-03,2.433254678955721478e-02,1.286381166875829631e-03
9.721927184025338370e-04,3.085807930067080207e+00,4.999999999999999289e+01,5.048242348201510687e-02,2.120653435292523299e-06,6.280430287743274343e-04,2.010796560929028294e-05,8.765120928812597306e-04,7.222828285376198948e-04
4.513156866937541659e-03,3.085371705745103554e+00,4.999999999999999289e+01,5.041260280201791816e-02,9.610908095081486261e-06,6.270488718841990116e-04,9.256801384179945012e-05,4.032133907897910742e-03,2.212010428470376840e-05
2.095625873012630508e-02,3.084187952310453618e+00,4.999999999999999289e+01,5.010233106813966053e-02,4.073116115700574987e-05,6.226143888751736657e-04,4.138568971935341909e-04,1.796728610751079092e-02,1.632310681778615256e-05
9.696951749439160217e-02,3.093755726044020715e+00,4.999999999999999289e+01,4.891274225155908817e-02,1.736626740436880711e-04,6.052995218627918103e-04,1.622863762718011575e-03,7.008143552293467915e-02,1.053118863665533644e-03
